# Columns are A - Z and rows are A-Z. Cell is count of occurrences of bigram RowCol, i.e. cell at (1,2) is the count of occurrences of AB
# Data extracted from http://norvig.com/mayzner.html
79794787 4122472992 15174413181 4259590348 19403941063 4624241031 4175274057 26103411208 8072199471 729206855 478095427 14874551789 15938689768 9790855551 1620913259 9123652775 4298294 19332539912 6147356936 14941000711 3844138094 3946966167 10865206430 834649781 444542870 702199296 
6479202253 308276690 17751935 78190243 763383542 7730842 13944852 123778334 2780268452 2126115 25406204 188643782 2544901434 122258836 2725791138 36901495 1083443 753194669 223212317 71746167 2497666762 2496014 29929113 2164724 121220723 5858211 
12625666388 53278096 2344219345 71030077 13457763533 16254390 6455066 34631551 19701195496 3447571 6326022 333338045 121591374 11722631112 4692062395 33156666 1127399 3422694015 4363410770 736955048 5291161134 6570845 19008254 746076293 380670476 2100797 
10375130449 69761165 62905910 1205446875 32937140633 13966832 89087728 80544316 8332214014 2615147 18894758 7122648226 18929019 38129777631 5511014957 33798376 519921 5338083783 148275222 36539510 2577213760 8430332 99767462 168263 192245315 1415016 
349540062 16249257887 18367773425 21565300071 10647199443 6670566518 10861045622 86697336727 10845731320 1463052212 6027536039 23382173640 22360109325 19504235770 1089254517 13477683504 572443 52285662239 26282488562 33973261529 4158448570 23270129573 10176141608 614533122 2612941418 1402290616 
2092395523 4108696 39704311 78347492 4588497002 4125634219 33962536 63249924 5731148470 2421784 44759608 1507867867 107664447 1894270041 33130341561 41022263 947879 909634941 483979931 159626603 522547858 1550317 45330551 52374239 21246637 608389 
5772552144 7203255 24975673 874188188 3370515965 14424524 697999944 7789748 7189051323 1034900 72267691 171657388 34537023 26871805511 2651165734 13354952 0 2813274913 69588685 55522877 3606562400 2960268 2751783 542548 73102462 4726653 
384694919 29797934 16854985236 153344431 742240059 5166165 6414827751 14730425 58966344 3541869 89811517 45643026 15033898 306883963 602121281 2661480326 263509 426095630 8888705287 100272945963 30097154 2691078 10680697684 117618666 14682887 18782710 
8922759715 3005679357 7936922442 13899990598 5169898489 8024355222 4275639800 21520845924 642384029 77899882 2759841743 17604626629 8957825538 9564648232 2474275212 3470838749 8954617 20516398905 15509759748 37856196209 2852182384 7600241898 10557401491 1111463633 812619095 341671190 
331384552 654853039 2962048 134832736 128194584 2065436 1093028 1282370 31324465 2979950 3471162 3169833 2923325 312598990 196696657 2810773 236928 15598009 7621847 3169658 14548024 724370 914179 511074 561334 309029 
2952167845 2639491 3316660134 9494027 464449289 3293208 7338894 6595610 1209994695 1740133 12782664 555883002 3956883 1455100124 1813376076 23099462 0 2736041446 1112771273 13081991 129819900 337545 30095733 281255 9292584 906537 
30662410438 6581097936 4201617719 911886482 14952716079 1830098844 1709752272 355049620 12167821320 3192327 298033281 16257360474 129888836 1798491132 10305660447 7415349106 6708919 2432373251 1575646777 2775935006 9751225781 11621019 429185823 16728256 416082307 35456851 
8032259916 88228719 75144874 512522701 10536054813 19340776 277966576 359316447 8959759181 3659540 50449220 649112313 2708822249 782441941 15402602484 449910017 989868 4938158020 1838392669 746621025 3901923211 3178223 30732232 6569222 667551857 4713608 
55974567611 59062122 24249641 213431654 41004903554 11823066 1850801359 726288117 68595215308 4150888 1450401608 165509578 247850339 2051719074 49570981965 33536129 1859810 4521640992 258702825 282266629 11121118166 4317772 2227183930 1613611 372595315 4300522 
130442323 5509918152 22384167777 5307591560 2044268477 13753006196 3725558729 13672603513 23542263265 1516687319 171324962 10908830081 9498813191 13099447521 5928601045 10189505383 1324363 20491179118 11214705934 29360205581 300484143 2004982879 6252724050 76097183 4226720021 202480511 
5719570727 15427250 37067423 48855638 4837800987 6262895 11612944 16696129 2515455253 6129447 20492678 536595562 6743935008 170186564 6313536754 3850125519 272180 1173542093 5392724233 121089391 3835093459 5510046 20982546 1885334638 702499946 1361846 
63283982 346506 154363546 19927900 1614312175 149430 345624 11925353 318727904 0 187242 3582930 708424 167770304 29227658 1075049 1712219 28152573 209894196 2517400 7235727 212856 0 8225536 384882 913036 
30308513014 3145611704 4214150542 2409399231 57754162106 6011200185 5548472398 2379584978 8886799024 6846578 76743394 283411884 87580303 258048421 35994097756 13378480175 1744325 3404547067 168896339 12006693396 15303657594 24701238 867361010 907409 219696469 5320518 
24561944198 1292319275 643530723 3560125353 37766388079 155349948 1443474876 414044112 31817918249 3329038 1339590722 3990203351 2617582287 14350320288 8176085241 1538723474 4448602 11180732354 11421755201 9516029773 12808517567 16263248 989253674 1804740 2730343336 8395904 
41920838452 482272940 12997849406 81648332 11634161334 2302659749 434302509 3670802795 31672532308 2917850 29132180 3486149365 38538709 29359771944 12465822481 2982699529 1385505 10198055461 29704461829 4812693687 11423899818 6181932 184446342 1315669490 470429861 6627349 
3356322923 5214802738 4585165906 4186093215 878402090 2706168901 2418410978 2077887429 490874936 1655210582 85313841 3811884104 3231856188 2217508482 24531132241 2947681332 4160167957 3618438291 8774129154 7187510085 22006895 62384927 19601657 134528161 37436235 60692846 
5778409728 108385069 5869407 537221821 7184041787 807297 1192366 6292998 8116349309 1719726 4414960 984229060 8172535 1466426243 5021440160 6222096 635514 1953555667 35005005 32805751 82252351 2622571 389123 55076715 5115763 4618705 
1689436638 8319869 3909223 230152384 3293529190 6451511 18260884 134615178 17611969 1165914 61416538 356374125 16465357 163456000 9318366591 34037460 163292 359714599 663415953 2322619238 7824504 742188 7377619 6292525 95070267 6279286 
531206960 778622 876736 1296277 6035335807 812116 557030 263997 621227893 161750 555422 8612462 994334 73899576 523764012 1473468 159505 32990613 503772 3328898 110947766 449854 150637 79068246 4211192 108224 
6128842727 4975814759 1176324279 1421751251 4053144855 256535008 731420025 1412343465 6247588 1120221 167761726 11983948242 1753447198 2760941827 1020190223 331698156 0 6985436186 1602829285 6408447994 128782521 138085211 68368953 72645837 1993017 66473188 
334669428 1007374 20601701 2200704 127540198 263860 3431194 10729982 1814164135 220675 150760 11767790 970282 123192934 97904996 6382200 0 17993128 7041052 108527540 53873803 501189 0 136521 51097953 75012595 
